POLY
-110.68 -169.93
-110.15 -176.68
-115.02 -175.15
-110.68 -169.93
END
POLY
-124.28 -172.91
-128.64 -169.79
-122.36 -166.61
-124.28 -172.91
END
POLY
-127.58 -189.80
-102.14 -172.47
-122.93 -146.95
-123.17 -102.67
-130.70 -101.49
-134.86 -110.12
-137.42 -105.89
-135.42 -95.48
-122.68 -101.74
-127.08 -68.74
-138.18 -65.77
-146.19 -52.48
-150.89 -55.19
-146.30 -65.10
-159.97 -56.06
-154.28 -36.10
-157.31 -7.28
-153.43 -26.90
-140.82 -16.19
-149.70 4.00
-155.77 6.45
-158.28 -4.53
-156.09 59.27
-151.01 73.26
-146.02 56.11
-129.57 58.26
-125.25 47.20
-119.73 47.57
-122.41 63.53
-99.03 84.20
-92.11 72.63
-99.17 56.72
-93.36 67.37
-85.95 64.24
-87.51 58.20
-82.83 52.83
-84.17 71.20
-92.53 70.41
-88.06 76.93
-90.71 98.28
-76.36 107.86
-65.93 101.87
-61.08 109.62
-47.35 111.95
-54.69 117.18
-87.99 105.35
-95.94 111.58
-122.38 99.82
-133.96 82.27
-131.86 71.24
-139.14 70.56
-128.23 70.48
-129.94 59.84
-149.11 80.54
-149.07 72.36
-149.57 79.85
-148.81 84.43
-126.02 118.80
-77.97 123.55
-45.09 171.30
-31.32 172.62
-6.17 189.43
-17.33 169.47
-10.04 154.57
-9.99 132.46
-21.08 107.00
-27.57 104.94
-42.62 115.82
-46.67 111.96
-42.16 114.84
-30.45 105.03
-23.05 103.92
-20.84 74.40
-32.73 74.74
-53.46 65.30
-21.20 72.89
-20.64 63.60
-28.25 56.55
-29.99 46.64
-21.22 61.68
-12.46 52.70
9.18 54.70
18.20 44.70
5.10 12.31
-1.95 21.38
-8.44 6.22
-8.61 13.13
-18.85 17.07
-10.41 18.83
-13.61 27.93
-24.79 15.64
-28.85 -24.13
-33.97 -18.79
-48.58 -22.38
-37.36 -26.46
-39.72 -39.06
-67.73 -37.78
-49.13 -47.47
-71.42 -62.96
-61.16 -64.15
-65.76 -69.81
-57.74 -89.63
-71.90 -100.04
-67.17 -107.89
-75.13 -113.27
-56.99 -117.17
-53.95 -128.35
-55.92 -136.04
-65.29 -125.42
-74.85 -138.54
-65.67 -132.26
-49.88 -144.29
-41.95 -141.66
-36.49 -166.02
-48.45 -175.60
-28.83 -173.48
-25.55 -184.01
-27.94 -189.25
-127.58 -189.80
END
POLY
-141.53 -158.21
-148.59 -154.35
-144.10 -149.08
-141.53 -158.21
END
POLY
-130.34 -151.46
-136.08 -152.13
-141.89 -149.10
-131.64 -144.77
-130.34 -151.46
END
POLY
-125.05 -129.32
-147.69 -132.60
-148.96 -145.97
-148.52 -129.40
-141.57 -111.81
-144.27 -127.06
-125.05 -129.32
END
POLY
-6.07 -132.64
-14.02 -135.49
-26.78 -119.40
-9.90 -127.72
-6.07 -132.64
END
POLY
-38.27 -131.00
-52.83 -126.51
-51.80 -115.40
-62.75 -110.90
-52.24 -108.26
-41.44 -115.44
-38.27 -131.00
END
POLY
-4.57 -113.15
-34.86 -106.75
-29.20 -101.34
-33.24 -96.02
-39.01 -95.12
-37.49 -103.07
-40.05 -102.88
-46.79 -78.36
-58.42 -65.19
-51.51 -68.15
-59.69 -61.01
-20.54 -47.96
-7.03 -57.13
-9.80 -67.25
-1.23 -61.54
-0.37 -48.05
7.20 -61.91
-3.54 -65.09
-4.58 -67.19
4.53 -67.23
13.59 -83.70
7.80 -108.17
-4.57 -113.15
END
POLY
-143.10 -67.38
-136.85 -69.84
-136.10 -78.97
-139.33 -77.82
-143.10 -67.38
END
POLY
-124.43 69.61
-132.58 76.02
-130.67 81.89
-123.10 85.72
-124.11 93.33
-107.21 102.46
-112.73 78.05
-124.43 69.61
END
POLY
22.80 -184.85
35.78 -183.77
17.49 -188.28
22.80 -184.85
END
POLY
-25.74 -189.21
-14.64 -178.87
2.99 -188.64
-25.74 -189.21
END
POLY
39.83 -179.29
27.09 -174.83
34.36 -167.10
39.83 -179.29
END
POLY
80.53 -147.44
55.38 -156.13
26.36 -141.10
32.52 -134.25
26.55 -126.42
39.99 -119.57
63.85 -135.47
66.93 -123.95
80.33 -139.05
80.53 -147.44
END
POLY
20.34 -98.06
9.16 -143.70
6.17 -145.68
-0.06 -134.35
7.73 -128.84
20.34 -98.06
END
POLY
122.92 -117.56
111.47 -116.85
102.85 -125.49
96.80 -123.41
100.36 -114.12
107.38 -113.80
105.40 -105.52
121.14 -109.72
122.92 -117.56
END
POLY
98.60 -128.05
87.91 -147.55
87.75 -161.54
84.53 -144.62
70.79 -120.76
81.58 -115.77
64.04 -104.15
77.73 -108.24
70.39 -100.17
75.99 -97.60
70.03 -90.99
41.01 -92.88
35.99 -76.91
29.46 -75.65
37.31 -70.37
28.51 -58.47
31.46 -49.23
18.50 -41.55
28.45 -42.10
14.85 -33.29
32.86 -32.01
34.90 -37.42
44.72 -30.92
44.17 -21.75
52.24 -21.11
54.04 -13.61
38.85 -4.30
59.45 -9.64
69.87 -6.07
63.58 -13.38
67.40 -23.94
60.64 -27.32
68.79 -25.41
70.50 -30.67
63.96 -33.00
69.56 -32.77
71.97 -40.57
80.43 -9.74
88.71 -31.34
80.17 -40.23
85.71 -35.70
89.64 -40.51
91.46 -32.06
86.10 -8.64
74.98 -8.35
103.97 12.87
122.69 4.54
116.54 -8.66
123.41 -32.80
99.16 -58.64
117.11 -79.76
99.52 -87.63
94.61 -97.41
89.12 -94.75
91.29 -97.71
99.12 -98.65
98.54 -113.65
82.43 -114.21
82.28 -121.54
98.60 -128.05
END
POLY
123.42 -49.22
118.76 -43.01
123.84 -33.61
128.58 -44.50
123.42 -49.22
END
POLY
160.03 -68.19
139.52 -66.34
149.15 -60.47
144.21 -49.67
151.92 -32.85
143.26 -27.16
142.94 -17.74
110.62 32.99
132.45 25.62
128.10 38.98
153.51 40.44
160.03 -68.19
END
POLY
-3.61 -31.85
-6.60 -5.40
1.54 -18.34
-3.61 -31.85
END
POLY
58.97 77.24
54.20 72.09
50.95 73.98
51.39 76.22
58.97 77.24
END
POLY
29.03 139.94
21.66 139.38
17.82 128.86
8.99 136.04
26.08 144.08
29.03 139.94
END
